108424279189115
105756796124329
108398645850982
108528445838668
104057089630631
105574016143908
107793329243551
107656585931185
103758542996056
109295752421654
112233415455614
108007405887967
109086882442668
108188925868598
109445355748951
103147886392554
112485898762517
108156612541557
103760812995441
111685032180118
108310332530655
110970792260960
105578279475150
107413405955233
109683405724572
112449675437281
112456468765632
103773476328730
105396882827337
109925612366788
109434625742337
108167485878526
108123275876361
108051695889877
103113839729061
112586312088556
106240506072879
108111322546693
103803679658752
108288922533323
103097699730654
112599422088803
108081209214649
112816215400249
108043295883725
106115646085999
104047599631322
104082902960678
112259065452843
109134032439482
108659242498155
111629348854125
105597026140500
104085662961413
108253605869619
105713112794880
108511792505865
104005636303676
107889095900875
105997282765383
106150779416306
109609029065434
111862285492355
112373572107891
108550912503376
112336445444582
109521182399964
107765099252927
109728652387609
113597755320508
108084969213394
115963528414384
111815465501969
107602962595896
108496765841212
109297442421359
109386582421440
112776278735458
109430072417331
113332018680656
107976852557505
107879769240188
107856112576309
105545539478106
104036566299885
112786592068779
113079475372921
105537789480303
107639539265169
103127543060352
103118129728160
108026392551180
110148382341970
108260802527498
107741359248842
108102979218213
104006046304968
109458255740798
112584798755439
109611099065784
103752879662908
108146865877187
109518239066099
105966342770340
108001302561335
108683892489624
108161805879011
107981502558360
112687642079009
109574052402817
104046642964208
109553429064378
107914259236736
110297742331680
113176415363421
109475735738169
114176668596309
112926008717496
112420932103174
103733189664925
109105129115189
112143548801428
108081895883068
108552025835289
104028202966888
108761755815812
113443885332430
108002985886870
108349059189603
107572309272847
109427925741868
109470595745411
108272949193860
107826995905318
108288992526695
108035002551791
112090445474804
107896495900379
105739369461011
113088345368102
109263879093610
114782695200892
112431288770129
112871318723840
111663362183739
107549262599145
106143636083941
103084346398436
109407902410575
108068055888704
112709838741804
103744822997981
104114602958901
113217025359219
103137269726754
110714572282163
111939165490631
105545799477946
105582349474315
108614919163215
113180045362910
109680939058152
106209802743565
103985266305793
109379965748516
108138172539977
104017092966941
107574282605789
105299609502501
108439942513401
108303172530583
112589685420574
103791882993107
103131353061017
112445938770627
111735105510538
111762725508574
114148045261892
104146999622524
107925612568471
108492669175146
103432163030646
108332329190557
112683145414000
112731502074681
111959418819744
107255359304556
108233179205482
112639365418504
107896742565570
103136376393849
103135699726032
103724169666029
106195286079189
106147772749773
113676765312508
112099115474141
107991659233606
111822758834362
113998391943532
105775436121898
109479015745097
112855732062369
103117263062347
112325008783839
104028629632792
104134592955496
103757676329595
107894279233075
105759616123502
103808922990912
103119083061432
109192605773514
108390915855724
112371528779486
112692468745226
104085576293465
105638109469924
114952118516947
108363292521622
113857331958379
106375136061467
104022926303756
106191349412312
112071458809549
112840708726711
107669952595516
108067045880199
106281046069061
104033399634478
109415672417245
108490965842587
103432409696468
107981152555999
107929532567815
108140972540633
107897135899839
104048449631599
108609689163121
101881036520836
105957942768622
105466899487612
103102203064024
112323215449515
112893955391387
106217529408606
108235019198556
110658358954761
113370185339992
108176125870600
112105325473720
112227912137170
108211445878193
108242249204169
104054279631781
109259682427055
113000095381036
106126912752137
111856615492597
109741029051540
110184922344060
109360339083522
114829998534302
104255569609744
104068442962662
112197455462418
103118733061122
109373825756448
105592342809046
103106366396503
108167739211442
105799172787636
104129909622165
105556832812548
108178259204558
108120992542552
108665395825323
106462506057768
109782595706984
108114165883510
103978396303904
106224666074625
108109465877758
109527462399665
106041646094495
113725725304918
106166729414919
104048089631273
109426172410051
107883835900201
105648009469993
105537989480752
112639425417423
105571189477285
113535228660109
108168799211026
109335075758864
105490902816920
106924912671903
103114863062777
107982452555284
104045869631456
105540216147364
109523849065491
104069826296214
112887355389124
108075069213321
109449362414385
104002769637127
109418245742849
106071022756725
113542481989643
103117976394778
111784395504917
107758105920174
104062209630306
107852149242931
109178405768777
108211369200520
106163102749217
103108726396180
105706969463734
112534082095531
106003956105810
105588396141213
108056275889020
108360209191355
112285508788667
109235999102897
108471359177573
112846768729872
107620962593801
112381675445491
104146386288393
107453995950866
103971759640097
107843275905322
112406605441665
109352265750998
112224898789088
103129029726706
108544729170421
106020699429720
108126415882846
106566059380422
108126112549581
108000145895205
106233639408453
112375448778879
106150706082097
103766599661829
107823245906860
108219582532438
105661972800302
108246369199222
106106536087181
107862322569435
104012602969874
108096495885280
108292772531403
105971146100479
112020552148083
105656096134397
108058379215711
103732912998859
106220079409935
103078413065161
105997016097586
113103108703644
109879902364655
108113419209232
111328195553317
104117452957750
108186012536494
109369769081529
108707455819789
104110206293593
111680002183037
112741242072996
111991738816991
105528212815082
109465625737739
112499205429011
103116843061570
105638029469653
111326725552547
109689269057886
104087842960016
112499412098682
103993132972027
109020469116152
109361159089631
103095296397919
103462413027188
104109649624589
109484015744178
109358972424695
103941212975827
107642509264895
106184409412520
112242932124455
112852795395428
111897458826245
108033989224387
104056909629797
115590505119035
106083096088679
103099029730040
108483599175593
109325915753865
104085382961884
104093189626951
105485219484714
111827608833154
108189259203171
105671302799087
103102056396921
112570498758567
104036856300927
106169862747503
103985342969890
107611325934925
108242852533693
108000869228466
108176845869400
111874322162500
110843418940484
108707615821090
111723635511834
105792912788161
103081209732373
105506992816118
111888908827254
109738839051539
105449339489071
111880295495122
109662215719373
104091506294114
107620239267952
107833375913054
105595009473057
104048146299525
109736549045144
112571695420496
108239002530625
105923529439049
105728629460127
114148045261892
104146999622524
103432163030646
112683145414000
111959418819744
107255359304556
112639365418504
103136376393849
106195286079189
104017692968212
108025179226535
106012806096033
106147772749773
113676765312508
109374509080576
108339615853282
112368522108079
105553406145178
112706318744460
112265422117958
112079282141597
105715936129053
107588489271016
105696062797469
104068866295075
107856085911092
103149799725943
103134879727481
112055282143756
108956022457136
104051446298818
109504735736132
103133773060120
112378672108272
106100896087214
108167599203319
108027615892793
103743292998281
109901679036919
112002138816872
112177512131878
112790735404574
108013345886344
107843605916158
109495595736118
108034225884363
113600081983616
109423965751272
104096622961558
114182621925666
106059406100247
106528046050465
104086932960496
104081199627413
104096826293056
103773589661727
105751636125646
113022142044529
103159373058283
108508369173486
109256069092319
109277949099451
108641742492953
110419212320033
103982679637144
106302102734879
112608142086965
109473559078354
104041122964561
113224835357852
104043372964844
103115089729044
112045062145897
113783511965154
108504945841431
107892192564893
106095402754175
107721719250556
108278809193914
112130822136933
109483719069740
104068179630641
104095909625854
104029019633936
108127182549256
108416369183666
111569242193963
112691428745843
106019999429184
104077172962850
109683542391538
109273482424881
380505452011419
109326252419434
109718635720335
109475402403822
109343945752037
106076289424073
109713972380700
112739025407073
108372835857077
104947719541944
104117192958282
393935600816082
104081259629164
104116582957771
112568842091297
108090999211342
107277922626273
105579469474690
107625435933833
103794869659230
113168842030654
110444738976181
111744888843872
107842875911074
109587669068034
112190292125255
106350509395481
111851955499921
101912283183454
104047802964423
108409712517254
102174436491084
104213262949802
105648022800776
107948532560585
111671872184641
114707928546092
106293169409489
112011618816879
109629219063539
111486092203491
108969045802273
114586701886732
108634965827573
104114756292267
109116202439899
112423512103789
112606115417973
113699971977047
103118383061365
107916029228988
107433569286286
109587882401196
108066675887463
103952786306687
112358675446636
104031142965795
106102432754984
113557195323171
105548162813395
107843659245029
112477392098597
107555485940455
112548152092705
108565719168398
108410602520455
113277918685864
113749718635187
104069009628330
106191752745630
112173235462152
108755192481745
109279752432354
113156655365567
108102499217697
105620202803664
112687038742995
107962719226140
111849652165259
108550309169773
109610492399075
103093019730544
109581909061199
105633826137322
103123839728353
104034969634202
104048299631809
108188919203286
103115016395770
111911148824669
108285455858477
104074732963291
103684046336310
106121279419264
113883398622295
112364422113353
108055509215945
105590152808459
109352009084786
103757222996304
107981325897214
139269696098004
112386235439152
108450559178997
108164422544464
103102223062765
107693655927313
103126339726985
106262762738812
112125562137166
108574039166876
112339302112685
106084616088726
112994248710706
109325765753652
105692222798868
109556692404226
104041992965282
105697882797759
103122353060742
104066759629230
107621765934466
108386039185750
108208389207285
104006346303593
105614089472004
107978462563034
108412265847988
109206185764582
109440622409272
107747405921904
105425746157227
103755952997018
109507522409218
109376089080334
108610652496213
107947562567063
107630815926105
111715178844664
108432859181061
111601615525627
108573132499765
112660708746155
112750242073373
108290705857767
105988062765295
108005382560699
113240368686567
105591982808796
105670746132975
106290752736335
104073709629852
105598082806892
113074538707169
108684199155855
107983655891235
112684962078765
108258045862102
108351279185622
107816379238387
109597509060028
103110479728739
108151335873464
113188035361228
108634599161371
109354525749272
111948542155151
106277849402612
108089905886149
106375136061467
105464892820215
104022926303756
108212625870265
113428915334642
108067045880199
109449385747832
108490965842587
107981152555999
109770902381915
104048449631599
108016145886556
109650795719651
111948785483165
108222385865607
108572829167133
104130926289978
106033362761104
112438218775062
104255569609744
103106366396503
108665395825323
109459152406531
109782595706984
108114165883510
104251676279233
108407739184505
108642145834185
103787802993414
113710335306224
112544122094464
108539962507627
104097696294205
104052799631268
103118046394609
109459232414370
112345868780337
112071872143618
112347988778290
1416205875339580
111909625492025
112125552137133
107596615929465
108045305889627
112133708799519
111975452148786
104104952958193
104052152963284
107832802572744
109614622398764
104001879637092
104052486297753
106072306090517
104733329565455
109455729080860
109607592398911
107795512574814
103702183002520
108247105867244
104123936291022
108591349161413
103764742995575
112213565457929
107486429280818
106113019420619
106241032745789
109273325765764
104163576287010
108169502538902
109335262418752
104111542958476
103112456396069
107726515916749
106099959420362
107554599267951
107827412580749
105609022806079
106219589409984
104063582963352
109457925747218
106120296085373
114943251851302
104003396301893
108097382547684
104084469626924
111724755510510
113167332031242
106249962746930
108720909152450
111992392145666
107669072589842
103103986397047
106228622746415
104076636295352
107834645911305
104068596295820
107695482593368
107629722600316
104013012969419
113627731981004
108095265884841
106022539428322
115650661782482
107945712561674
109686199049779
112415525437291
108059615883907
103114669728699
112280128788125
108035765884351
105604159474298
109547449063241
104032179634600
105845612780654
112528802093109
112108338806661
112734912074887
112649355413910
108410185851024
108019055893224
106188006078290
109470895738349
104297642941132
108260802527498
110148382341970
107741359248842
108102979218213
108592525828358
104006046304968
109458255740798
112584798755439
112528692092532
103752879662908
108146865877187
109518239066099
105966342770340
108001302561335
108683892489624
108161805879011
107981502558360
112687642079009
109574052402817
104046642964208
109553429064378
112449675437281
110970792260960
105578279475150
107413405955233
109419232410281
109255709100065
105396882827337
112204368792315
108337745853447
109925612366788
108326379195338
107633995923829
109553032405264
112087128808020
108123275876361
109534075733078
108051695889877
105572916142552
103113839729061
112586312088556
106240506072879
106300959405546
107996279221955
105699866131371
104102002960255
111841168832782
112276852118956
105449159489172
112851948728196
112026635481037
109334355759240
111874992163301
112544975427018
109533479072558
109260755766991
108343009185869
103133753060750
108008779226618
112433125435210
104005756303646
105541942812900
108020035886455
104146999622524
111762725508574
114148045261892
103432163030646
113407485335936
112683145414000
111959418819744
107255359304556
108233179205482
112639365418504
103136376393849
106195286079189
108025179226535
106012806096033
106147772749773
113676765312508
112099115474141
109374509080576
108339615853282
112368522108079
109529539066263
107741359248842
110148382341970
108260802527498
105681686132068
108102979218213
108504412503644
108592525828358
104006046304968
109458255740798
103972039640024
112584798755439
112594158754514
112528692092532
103752879662908
108146865877187
109518239066099
105966342770340
108001302561335
108683892489624
108161805879011
107981502558360
108303715857333
111888892161427
113805941962934
112975315379435
107374275951667
105642216135108
105605479473842
114450055231746
103999682969695
109283229089893
109401525752312
109511165734754
107763255920316
107913472563808
104098809626333
103817086323111
109201345765310
104007042970202
112052955477322
108053115890031
108190562534678
106338002735968
113052135376408
107671745922023
107785719251554
105606199472966
103746086330491
108177469202553
107973912563408
107659679257517
105607232806436
112368665447065
108336742520214
112777378735348
109402529086419
112961622051555
104004339635826
106311616066502
108100485878741
112292775449027
103132206394235
105714709462509
104128416290519
112496058762570
111924762151909
106160799416265
105468806154316
103787859660218
109521289066620
107594269263033
107932679227973
103127763060095
104001592969383
106055342758604
109354505749345
104011299635632
112011168815460
112664122081976
112287238782406
109570449061083
106070432757914
107534115935724
105923936105875
107919755903530
103104436395927
103792402992548
112344818777834
112565535427002
103826736323183
109399815746060
106065546090408
